丁次	60	40	85	15	60	52	木葉	False	0	380
伊魯卡	35	40	50	20	85	46	木葉	False	0	200
佐井	65	75	50	55	60	61	木葉	False	0	400
佐助	70	90	60	50	70	68	木葉	True	0	540
佩恩	95	90	70	70	80	81	曉	False	0	900
再不斬	55	65	70	30	50	54	霧隱	False	0	540
半藏	80	85	75	60	70	74	雨隱	False	0	800
卡卡西	30	70	75	55	50	56	木葉	False	0	600
卡卡西_小	50	70	60	65	70	63	木葉	False	0	450
團藏	78	88	65	75	70	75	木葉	False	0	590
大和	65	70	50	20	50	51	木葉	False	0	430
大蛇丸	85	95	55	70	80	77	音	False	0	500
大野木	56	80	8	40	30	42	岩隱	False	0	600
天天	55	65	60	40	55	55	木葉	False	0	300
奇拉比	90	70	85	40	75	72	雲隱	False	0	500
寧次	55	60	70	50	60	59	木葉	False	0	550
小李	60	0	90	10	60	44	木葉	False	0	300
小櫻	50	50	85	60	60	61	木葉	True	0	350
帶土	95	90	80	85	80	86	曉	False	0	950
帶土_阿飛	70	60	65	80	85	72	曉	False	0	500
幻月	85	88	55	75	70	74	霧隱	False	0	755
我愛羅	80	70	40	50	40	56	砂隱	False	0	650
日斬	85	92	60	75	80	78	木葉	False	0	700
木葉丸	60	30	40	20	30	36	木葉	False	0	100
柱間	99	98	78	68	70	82	木葉	False	0	1000
楓	80	55	20	60	30	49	瀧影	False	0	550
止水	65	60	65	70	60	64	木葉	False	0	650
水門	80	90	70	60	55	71	木葉	False	0	800
油女取跟	60	65	55	60	50	58	木葉	False	0	500
烈斗	85	80	70	50	65	70	砂隱	False	0	700
無	90	95	40	70	75	74	岩隱	False	0	720
照美冥	80	90	55	50	70	69	霧隱	False	0	660
班	99	99	85	85	80	89	晓	False	0	1000
疾風	50	55	60	30	50	49	木葉	False	0	400
白	65	75	40	50	80	62	霧隱	False	0	370
紅	60	35	55	80	65	59	木葉	False	0	400
綱手	85	65	95	30	40	63	木葉	False	0	660
羅沙	85	75	70	40	60	66	砂隱	False	0	650
自來也	70	80	70	50	60	66	木葉	False	0	600
艾	85	50	95	30	60	64	雲隱	False	0	680
艾老	90	80	98	30	70	73	雲隱	False	0	800
蠍	80	70	60	79	30	63	曉	False	0	650
角都	70	70	75	30	50	59	曉	False	0	666
迪達拉	75	80	45	50	30	56	曉	False	0	600
金銀角	80	70	85	40	60	67	雲隱	False	0	500
長門	98	97	2	64	76	67	雨影	False	0	670
阿凱	70	30	100	20	60	56	木葉	False	0	600
阿凱_死門	99	30	100	20	95	68	木葉	False	0	999
阿斯瑪	60	75	65	40	55	59	木葉	False	0	499
雛田	50	45	55	60	80	58	木葉	False	0	300
飛段	77	80	65	88	55	73	曉	False	0	667
香綾	70	30	30	90	60	56	木葉	False	0	400
馬基	55	65	70	30	50	54	砂隱	False	0	400
鬼鲛	85	80	85	40	70	72	晓	False	0	700
鳴人	98	85	75	20	70	69	木葉	True	0	450
鳴人_小	70	50	40	15	60	47	木葉	False	0	200
鹿丸	55	70	41	28	60	50	木葉	False	0	500
黑土	65	80	60	40	55	60	岩隱	False	0	500
黑絕	60	40	30	90	85	61	曉	False	0	888
鼬	75	95	70	90	90	84	曉	False	0	700
NULL	NULL	NULL	NULL	NULL	NULL	NULL	NULL	NULL	NULL	NULL